t(h),ACCOA(mmol.gDW-1),ADP(mmol.gDW-1),AKG(mmol.gDW-1),AMP(mmol.gDW-1),ATP(mmol.gDW-1),CIT(mmol.gDW-1),F6P(mmol.gDW-1),G6P(mmol.gDW-1),GAP(mmol.gDW-1),GLU(mmol.gDW-1),MAL(mmol.gDW-1),NAD(mmol.gDW-1),NADH(mmol.gDW-1),NADP(mmol.gDW-1),NADPH(mmol.gDW-1),OXA(mmol.gDW-1),PEP(mmol.gDW-1),PYR(mmol.gDW-1),R5P(mmol.gDW-1),SUC(mmol.gDW-1),X5P(mmol.gDW-1),ALA(mM),ARG(mM),ASN(mM),ASP(mM),CYS(mM),EGLC(mM),EGLN(mM),EGLU(mM),EPYR(mM),GLY(mM),HIS(mM),ILE(mM),LAC(mM),LEU(mM),LYS(mM),MET(mM),NH4(mM),PHE(mM),PRO(mM),SER(mM),THR(mM),TYR(mM),VAL(mM),mAB(mg/L),X(gDW/L),V(L),ACCOA(mmol.gDW-1)_noisy,ADP(mmol.gDW-1)_noisy,AKG(mmol.gDW-1)_noisy,AMP(mmol.gDW-1)_noisy,ATP(mmol.gDW-1)_noisy,CIT(mmol.gDW-1)_noisy,F6P(mmol.gDW-1)_noisy,G6P(mmol.gDW-1)_noisy,GAP(mmol.gDW-1)_noisy,GLU(mmol.gDW-1)_noisy,MAL(mmol.gDW-1)_noisy,NAD(mmol.gDW-1)_noisy,NADH(mmol.gDW-1)_noisy,NADP(mmol.gDW-1)_noisy,NADPH(mmol.gDW-1)_noisy,OXA(mmol.gDW-1)_noisy,PEP(mmol.gDW-1)_noisy,PYR(mmol.gDW-1)_noisy,R5P(mmol.gDW-1)_noisy,SUC(mmol.gDW-1)_noisy,X5P(mmol.gDW-1)_noisy,ALA(mM)_noisy,ARG(mM)_noisy,ASN(mM)_noisy,ASP(mM)_noisy,CYS(mM)_noisy,EGLC(mM)_noisy,EGLN(mM)_noisy,EGLU(mM)_noisy,EPYR(mM)_noisy,GLY(mM)_noisy,HIS(mM)_noisy,ILE(mM)_noisy,LAC(mM)_noisy,LEU(mM)_noisy,LYS(mM)_noisy,MET(mM)_noisy,NH4(mM)_noisy,PHE(mM)_noisy,PRO(mM)_noisy,SER(mM)_noisy,THR(mM)_noisy,TYR(mM)_noisy,VAL(mM)_noisy,mAB(mg/L)_noisy,X(gDW/L)_noisy,feed_rate,feed_state
0.0,13.968253968253968,0.2126984126984127,0.0006031746031746031,0.000984126984126984,0.02222222222222222,1.9047619047619042,0.0001333333333333333,0.00017777777777777776,0.0012698412698412696,0.6984126984126984,0.004761904761904761,0.02825396825396825,0.0023809523809523807,0.0030158730158730157,0.0029523809523809524,0.0006349206349206347,0.0027936507936507935,0.001587301587301587,7.619047619047618e-05,0.0002539682539682539,9.523809523809523e-06,1.11,6.06,11.17,4.47,2.5,72.54999999999998,1.21,0.97,0.23,0.6499999999999999,1.5,8.170000000000002,5.22,10.840000000000002,5.75,2.23,2.12,3.42,8.98,10.7,5.2,2.32,7.62,0.0,1.26,270.0,13.968253968253968,0.2126984126984127,0.0006031746031746031,0.000984126984126984,0.02222222222222222,1.9047619047619042,0.0001333333333333333,0.00017777777777777776,0.0012698412698412696,0.6984126984126984,0.004761904761904761,0.02825396825396825,0.0023809523809523807,0.0030158730158730157,0.0029523809523809524,0.0006349206349206347,0.0027936507936507935,0.001587301587301587,7.619047619047618e-05,0.0002539682539682539,9.523809523809523e-06,1.11,6.06,11.17,4.47,2.5,72.54999999999998,1.21,0.97,0.23,0.6499999999999999,1.5,8.170000000000002,5.22,10.840000000000002,5.75,2.23,2.12,3.42,8.98,10.7,5.2,2.32,7.62,0.0,1.26,0.319,0
12.0,10.09495418825693,0.04929840753013716,0.0005834984320022817,0.010014156158187057,0.26144960558128744,1.4795701841529227,0.00021037467240847427,0.0012487737853395346,0.006203424959354151,0.48652671267433967,0.004649812982034455,0.029688179836594518,0.0020533771632248055,0.028585458939437206,0.015205039458903183,0.0009620860526746471,0.007302462641315304,0.0017964045058662403,9.499759497707414e-05,0.0004478184226146157,1.3755856086651665e-05,1.6530955025866667,6.150977672204357,10.783914759342666,4.292961450583052,2.4704226997687773,72.2809965130108,1.1956708878429185,1.0823601813412775,0.3482037642572517,0.5443671410266211,1.477693864291392,8.098793236118413,11.719512281092232,10.659130144533995,5.480916404265594,2.1967528485988126,2.957922707810612,3.363575553620399,8.889397515740457,10.229600882438064,5.312198956219858,2.2381877549384908,7.499136188675054,0.163886514263426,1.9604641184645655,273.82799999999946,8.825644653307679,0.05295606921962231,0.0004745501771630167,0.011826134485469996,0.2560151511792559,1.5361338316978541,0.00022607584736789114,0.001303334336955665,0.006132087811152946,0.49509718346452297,0.0047567426277857865,0.033675954197200236,0.0019170896930741938,0.030669637820339348,0.018481020264259483,0.0010648628774331688,0.0075334599075270415,0.0019879352823583374,9.923008668680146e-05,0.00038274764983122395,1.4823407599379899e-05,1.5910811947322778,6.527077586651262,12.321607693489078,4.230206248176757,2.2542933578353446,67.62446897075834,1.2046206536659079,1.1178514463488118,0.36399912371893545,0.5781562449641315,1.6800254739707499,8.786180179363727,13.745252978970198,10.413592119668909,4.241272161598416,2.280484736990521,3.1694625083359376,2.542932506942512,7.766119764700063,9.805024850773355,5.4039931125466065,2.161409853030044,8.16368120648265,0.17632724640009745,1.8462828688456585,0.319,0
24.0,8.21793945044725,0.06200169832088274,0.0005679053314463985,0.01104669835104952,0.2945554560098631,1.288914343083371,0.0002519021298877412,0.0014361253711304754,0.0031644873140269448,0.4031990197334873,0.004482855329276328,0.029685541925032706,0.0018746965220409258,0.028774684909504595,0.015592321025655767,0.0009487872002225134,0.008614087477669606,0.0018461290907194451,9.828414120476934e-05,0.0003797338947553925,1.3755988558962165e-05,2.392158937236021,6.146434379829392,10.203937874853736,3.92783552312312,2.428918913302842,70.11711919399559,1.2057467750532749,1.2081717596756205,0.4482301818210403,0.465375405340765,1.3860640449972965,7.990597390542698,18.542430734547622,10.41265911978253,5.154890201373205,2.1482851180726867,4.200230087000501,3.2801112586129113,8.767315296825412,9.46318781240072,5.285600035671541,2.133269573317728,7.3270106053416075,0.40971610481523985,2.8644305096954854,277.6559999999999,8.410303145701887,0.06890115671275528,0.0005921381685956839,0.012412353493461165,0.26379199225643685,1.3270040697231864,0.00026181545237020535,0.0014461281008014749,0.0028492771527599743,0.40795218285250157,0.0037494260420295874,0.03160886924558162,0.0017917945214675232,0.02913249661939654,0.013814925684465962,0.0010138672377909628,0.007842887011356076,0.001828604370791017,9.453319478188186e-05,0.0004255309913953029,1.397744966343656e-05,2.0920207791837955,6.131538253781385,10.646500547873464,3.9741803096892494,2.267853963828225,72.85927835954963,1.0279414363237644,1.1564139202290191,0.3989847620429439,0.4444751199573749,1.5337710114474543,7.768152234716642,15.580615218459048,8.775338383335287,4.684657662061054,2.558889284467431,4.110810365170756,3.0888254396171995,9.815629904155537,10.566693193609057,5.600313370711451,2.087767517284845,7.6152574221613145,0.3783166514561156,2.2497128722599022,0.319,0
36.0,7.418947209019863,0.06884924403222056,0.0005577771477563533,0.01103594192612033,0.3147212386024933,1.229374511184918,0.00027854300806683173,0.0016058964938656431,0.0021289847251458934,0.3902337035352337,0.004374270055490391,0.02967783863971468,0.001803586966875365,0.02877081989089849,0.015785292999350036,0.0009285702258710164,0.01017176857310347,0.0018535489477686745,0.00010156412751682283,0.00035536833552635003,1.3756109451376182e-05,3.351658736367038,6.050290257176819,9.404976003177563,3.358124833015832,2.3783891909989845,66.27913669047406,1.277375116572707,1.3511186504866783,0.5257431028252472,0.4489654455262985,1.2235890988033158,7.852411122887293,24.748057807900434,10.114749122952768,4.7845494465152525,2.0882760546454944,5.918625536186814,3.176129011897866,8.621475094009886,8.360207689350467,5.110058400021407,2.0091026274292747,7.114168581220193,0.7533859046490822,3.921231318466878,281.4839999999997,6.78924254125326,0.06343849823244933,0.0005863074676235201,0.010335293056143205,0.3183589024756571,0.9302161785129963,0.0002603694548211218,0.001538533589251051,0.0019902764430393175,0.31564605678586377,0.004616629928996098,0.02758460149099473,0.0018824224213859764,0.026746684509757424,0.019286116983176456,0.0010459415262523925,0.010396305135527405,0.001618472589732988,0.00010920807582227889,0.0003516371509986582,1.4230489649461549e-05,3.2753992707799275,7.411996480249781,8.620551101593897,3.343657501286033,2.319280079144841,61.89313386016635,1.3351478832821322,1.0346990088031949,0.49760625936337627,0.5271579801825284,1.1683961356493995,9.461400178534731,26.89615974717477,9.286574418601273,5.249796413248578,2.2371481210965247,6.810010775257498,2.9504445079374344,8.53322176670721,8.726142374105704,5.329866534419664,2.0204466601082047,7.6924592963368745,0.8567689308703502,4.415697433551828,0.319,0
48.0,7.21698762286145,0.07177675402599211,0.0005524539595984911,0.010571082177726667,0.3287944796442386,1.246539204489833,0.00028819064595375844,0.0017400975015641556,0.0016218338430812993,0.41011599759706363,0.004315240859784602,0.029669828237052224,0.0017916592706382123,0.028769473003449845,0.015914410004454392,0.000909336947902471,0.011906896725971155,0.0018450521492216834,0.00010440400047065696,0.00035147588352516884,1.375620802962173e-05,4.563803457409362,5.878103494597539,8.38098918567131,2.572935127912698,2.3226803376275624,61.138729509543026,1.44434995782991,1.5157202207845282,0.5779472096045478,0.519594375531256,0.9986820942468116,7.694336500630825,29.385800595351952,9.785017518962894,4.38752108685945,2.0216031281998017,8.14434261337285,3.0602737911687727,8.462122677150118,6.905975260560257,4.795214036449978,1.8716407383914284,6.875421345364077,1.207095892472475,5.063611407479061,285.3119999999997,6.7379332552548155,0.06475168285915228,0.0005048696072571855,0.010509572070385964,0.29662803361541296,1.1525999133527174,0.00025765363357104057,0.0014793468011770632,0.0013885615446662548,0.4438774971039523,0.003613088498641148,0.031675733564006776,0.0018180667078698137,0.03362367881418089,0.016881388211315733,0.001008859315640091,0.011056137187280865,0.001844897022050747,0.00010395491925055172,0.000307768181012373,1.3721748570603288e-05,5.4947796653028265,6.521156397230438,8.108026226856827,2.4797235803379216,2.905768759341866,49.300489360672394,1.0873521296026656,1.6234133654775447,0.5256806673264015,0.43945213627337987,0.8626183252876555,9.097727266288768,29.768624126998393,9.373922010914036,4.45785702868181,1.9718847489127402,8.07361789019894,2.8504526713018734,8.132162632081128,8.158252349345561,5.28354020674973,1.910401715224491,7.998039443456392,1.159220558514356,5.4933826902526155,0.319,0
60.0,7.363599830895376,0.07231152189620617,0.0005507119096881427,0.009962641257647103,0.3396457774417734,1.310589153110359,0.0002819355670889831,0.001819633023436128,0.0013352633881478719,0.44030926327425973,0.004292273336276252,0.029659839866391348,0.0018149354760735774,0.028775185309494748,0.015984432335446344,0.000891533790880975,0.013764992817597434,0.0018310469402005216,0.00010675056313641977,0.0003592605595416872,1.3756285056522644e-05,6.039730770292765,5.657649027477441,7.144100137504644,1.569308649588177,2.2652334807383907,55.02892813274177,1.7247621946290412,1.7037327283524564,0.6042895690645523,0.6864827509496942,0.7327173810999732,7.525892305671939,31.804628589589004,9.441492237128724,3.9800471158866566,1.9526294246319102,10.861714347538365,2.940279145041478,8.298422582728948,5.110188058471934,4.362363571926394,1.726689629415875,6.62449923653108,1.773421956436998,6.23141844450451,289.1399999999996,7.024051147834574,0.0636351521569142,0.000575646267319634,0.008313739013436686,0.3660849726347126,1.1875944445018694,0.00026448554972050226,0.0014576286787138756,0.0013543872984328224,0.3643481162196304,0.004222397205782293,0.02927212625141756,0.0019362296211539118,0.028746330484761703,0.017170937437110293,0.0007104082755495407,0.012831670708831209,0.002060853982385392,0.00010205203837448285,0.0003648524901369513,1.4253786950566729e-05,5.9121713127527595,5.8715250527386,6.534694008365509,1.3696527010814152,2.3371535193570736,56.85859565902072,2.099695793214419,1.4681935831623267,0.5984019095588111,0.8012323559450503,0.7303502748463192,7.00948445651947,27.818457825654725,9.682276507719862,3.612906492806014,2.044673988989381,10.697642057180165,3.3854776129976947,8.722210258560413,4.380681415282782,3.893953039651589,2.0025624253196654,6.1106098242578515,1.933890169713656,5.947110659078542,0.319,0
72.0,7.731523424830171,0.07000766375960644,0.0005576606371512377,0.009150329364713616,0.3501760862859639,1.402309832425829,0.0002638344962910743,0.0018209053851065565,0.00117842214792642,0.4625137979967038,0.004355354576829559,0.02962320480423518,0.0019019740526656764,0.028788319996717465,0.015997860963487053,0.0008617758329130674,0.015834454620211495,0.0018085433995209033,0.00010875163783913468,0.0003911645418294677,1.3756348834382997e-05,7.7551504475031825,5.432019913779106,5.725600050064604,0.38373167364953037,2.208916906009976,48.2206843856925,2.1122170456992677,1.9123031753219766,0.6063647795761182,0.9416000772204385,0.46343521266988663,7.3553254547429905,31.69182875213965,9.09950584832009,3.5759609913018413,1.8849911283630116,14.001639807642594,2.8225910845529913,8.138012054825438,3.014155965179967,3.8450020106533773,1.579396743341963,6.373157077777386,2.4189418399113363,7.374565323462701,292.96799999999956,8.208038482630519,0.074703218699544,0.0006571323733338725,0.008698731122506532,0.40290961832535116,1.429733220407678,0.00031075128789757775,0.0018567277909265756,0.001304476602742268,0.4559077844233196,0.003993737097981257,0.03436598234476137,0.0017624177024500051,0.026090223067757413,0.017929010535290495,0.0009295843747925162,0.01697476976252824,0.00220619018030002,0.0001255086964926851,0.00043621187339063427,1.3845139877313773e-05,8.145478371452764,5.707701005889961,6.350435748955511,0.3811247346334572,2.287495358441486,47.733696417784785,1.855286501976896,1.7724911515046866,0.540429945050514,0.9282932921476991,0.4802020813034197,6.91783051107683,32.02500411365662,9.235986225319822,3.267518576531144,2.006362853261821,13.631110737315684,2.9121215605496453,8.5321985432313,2.7779530539269475,3.471010505505964,1.7548162313025162,6.799044060200041,2.219311717542456,8.937218800161798,0.319,0
84.0,8.415253244759052,0.053890088951659726,0.0006082515398069601,0.006512493414079879,0.3738231228646034,1.4611332034445554,0.0002481026683375257,0.0016653473696774772,0.001252775200897172,0.4206928469041456,0.004880581816071192,0.0294152432858385,0.002561388037023423,0.02882052162456111,0.01595582941147785,0.0007282521737487064,0.019581948360911004,0.0017403199541252445,0.00011138100132315922,0.000682394423787741,1.3756440097364122e-05,9.4253262354264,5.275323191371002,4.217762433097811,0.034455183951395046,2.165697154364893,42.01259620552617,2.4827839580007516,2.1271029126579117,0.5869719321020856,1.1981328235746824,0.24313350240588064,7.212718413920533,28.19309915483332,8.818796983087735,3.2290713093805463,1.8338390790069474,17.457573645968242,2.734064096728793,8.012787977861905,0.8292978457554693,3.435296796933922,1.4470452966525442,6.166147371773418,2.7903965379321085,8.283986826349905,296.7959999999998,9.207598772880429,0.052967924439152284,0.0006385518990357053,0.005423249503124099,0.38302345330860843,1.4060992011609807,0.00023465209717473242,0.0016410799310286786,0.0010422050203084405,0.4201070237313672,0.004818703077606888,0.036028198554444335,0.002536222701839336,0.027500555870330793,0.01719910191097243,0.0006534841875029362,0.01810387588533344,0.0018795827376910797,0.0001251513975983273,0.0006752477410161248,1.3625947174699795e-05,9.01848520317135,4.731532809361039,3.8370481035721444,0.0408714010813057,2.346424542049824,37.18783677399077,1.6108881706281288,1.9078816925328814,0.619164312109461,1.0919182658770445,0.22024284249776077,7.2091547763987105,32.588321410999264,8.622819794170105,3.0334158702148857,1.974385049733818,15.903879845142768,2.784016068191561,7.630957062006092,0.9361414531860809,3.461840735661455,1.53753473716732,5.361001242978543,3.0435547040484674,8.544029623781283,0.319,0
96.0,9.228910168806532,0.051356847086151056,0.0006016127049570261,0.006044255340939488,0.38038423423609635,1.4913706321527622,0.00020281405704644054,0.001491203100118916,0.0012671436596198007,0.36401172972110096,0.0048039513458172246,0.029508613546722667,0.0027234097829825113,0.028889837791764888,0.015796970714458087,0.0006867705973824534,0.02136226982972581,0.0016878967611046883,0.00011237275893338387,0.0007424577157411135,1.3756466647724263e-05,10.86023433535923,5.232107981471871,2.7268139012544768,0.029016453355407687,2.1312107045164783,35.93179993214329,2.802418085082735,2.323615988173295,0.5538204212319745,1.4576045726959208,0.12411481545642435,7.090461334223272,21.748794893478408,8.580899648318754,2.922951765652397,1.793653981896014,19.584804433507436,2.66491813440177,7.911105500762321,0.009966767286482601,3.0936227157046647,1.3266423139033958,5.990495375992464,3.0281152197243606,9.036182015214413,300.6240000000001,8.671640962221316,0.05882448299805425,0.0005363407535080973,0.00624270038156443,0.43886805932502976,1.1827168302252955,0.00018098248412268622,0.0014177825987544634,0.0012059191657139599,0.33331880676032233,0.004818490381679723,0.029142484042388537,0.00256597611539773,0.04048239670323566,0.014337989522791477,0.0006970670184746815,0.023844208914379765,0.00194090224590904,0.0001221955271316601,0.000791035020156178,1.4450947865871202e-05,13.089929006654456,5.315698172212658,2.8047818271854807,0.027970594516740818,2.207945403717582,36.67355091006972,3.0394773527727272,2.4574523678520133,0.5253880637903976,1.3675729217138715,0.09704177002852514,6.934375013913537,25.156505787392103,8.791015758928802,3.0517800829673205,1.9977768374322038,20.912949970710102,2.936169961979238,8.74836060841125,0.009095028906212776,3.0197970107244743,1.3677667031869933,5.692440304900728,3.259171908243836,8.549756673994974,0.319,0
108.0,10.083569293547072,0.05109039655449776,0.0006027491558136438,0.00585379854534502,0.38363975824929086,1.5043202012424641,0.00015399466223845333,0.0012412934616116574,0.001290108063490077,0.31077459223677756,0.004810473159881675,0.029588731050708243,0.0027225365313594454,0.028999612087281187,0.015512809192533766,0.0006546337094117856,0.022356011193205544,0.0016628925263515646,0.0001132466822655292,0.0007609948847703955,1.3756492223862395e-05,12.051125682156338,5.2659429329561025,1.395548829429916,0.02019547055191277,2.1008207859077954,29.091649376667327,3.1009262644636153,2.493885662281782,0.5123948089981258,1.7533716649595095,0.07820645947076652,6.977949992405925,14.57979341828561,8.36367058475123,2.6376396206886534,1.7585680099073064,20.724968022158254,2.604756734452357,7.820590926864717,0.010157881330346516,2.7460983362872025,1.2124944197631664,5.829894926356166,3.197925339705213,9.712481272213696,304.45200027957304,9.548055219643576,0.0518711075888595,0.00046148819526997263,0.005028860046232387,0.453675423155866,1.4292267497808882,0.00017434308177518806,0.0012673636249429725,0.0013725988986845476,0.2824117794510698,0.004121180693236482,0.028879374394220468,0.002476931717766815,0.03169931032356856,0.017041604228165485,0.0006991224018997194,0.02372057628044596,0.001875322789279908,0.00011352186756731439,0.0007897147080835544,1.3522930131701461e-05,11.817954656282282,5.812215292630046,1.2391961437898442,0.022358362879620945,2.1538060831279813,30.0357261643033,3.3493866682175795,2.692513003321912,0.47526149486074304,1.4631207212128057,0.08558479252622116,6.471135376800955,14.384511035195601,8.572642006490906,2.915878474941651,1.7920444599859389,24.5877490771992,2.589625468313282,8.102643810401192,0.010953013006585924,2.424356541742911,1.2370413607106057,5.292683720064799,3.1234217710594736,10.9832322498435,0.608,1
120.0,11.405615626790912,0.05101409079210794,0.0005993217598657507,0.005786952559608213,0.40976504169245925,1.5778864313551362,0.00011054990837096444,0.001154222257439172,0.0013844609869174689,0.33102692093995945,0.004773339700802389,0.030643635457006994,0.002818891612537556,0.03003402699303344,0.01589095203528066,0.0006354982301040065,0.023788077773915516,0.001594370688865239,0.00011638167530997838,0.0008450954960680357,1.3756576349722886e-05,13.08493429114018,5.61986135252721,0.6764489599349045,0.019816473094616826,2.114066958662782,27.716260267244248,3.4663479607396415,2.67087355110173,0.5669625329187978,2.1690898515308246,0.1594821995437782,7.000504685403915,8.20564650800961,8.367112116562692,2.4813302337093868,1.7822747104719054,21.70879013763556,2.650078108825752,7.838704398594746,0.04464904201469426,2.8440565316876754,1.1581287540159624,5.849540160846946,25.66744722135222,9.344496297616267,311.74800027957366,11.361529438854022,0.053087772133266965,0.0005668437187439613,0.005664436092175722,0.3571924019205463,1.5732793775458926,0.00012267100546959389,0.0011468520287589033,0.0015679531031244664,0.34831422186962663,0.004571122334168107,0.03289342433473434,0.002682010027644624,0.027511811538940528,0.013098037485540621,0.0006211643384163761,0.027236092912200877,0.00146477032711465,0.00010610385330920771,0.0008604454873821893,1.291261227525864e-05,11.225791701138924,5.988094503919199,0.5563784171303122,0.02040794820555007,1.9048454473301386,28.814729310812467,3.551032791372439,2.7430060654462434,0.6315853995402589,2.266826243846328,0.16852386292868457,6.224387827595181,8.071557180403039,9.996115455824821,2.42412089383514,1.4082477744313056,22.235099344971854,2.2301201033439493,7.441528415461872,0.049906760148580157,2.8604139606850567,0.9862753972289365,6.556358943135071,28.733293276766346,8.626871226102242,0.608,1
132.0,12.67240924558824,0.06175697026406608,0.0006076296092127622,0.006771935587183099,0.41805131690437874,1.655515148864048,8.169924506830502e-05,0.0010994095658256253,0.0012489726522893483,0.3415151708948238,0.004859771097595298,0.031198032062546656,0.0023233185889077372,0.03041370780638121,0.015981381288238082,0.0006382871732392592,0.02273708767338723,0.0015212944674093214,0.00011666931916119929,0.000654452855013736,1.3756584537535271e-05,14.003635173978086,5.915376109810347,0.35926990418375593,0.014192132617795566,2.1300051259151895,25.954430388589618,3.8871110727097857,2.834053194385726,0.6094722652602979,2.6691201147414376,0.18901845254601696,7.031929094664591,4.594984778662217,8.388172012457437,2.3484836918034193,1.808954784218045,22.3302271147505,2.7005842826078927,7.864746830047442,0.047262064305565565,2.8629064840921354,1.1126700020335187,5.882122936758177,43.12163593011595,8.927349947445123,319.0440002795737,13.622182827767032,0.06682475835764196,0.0005726621657505346,0.0063006832816354,0.4416542663918132,1.8905932211727545,8.109574358224424e-05,0.0011428340155957208,0.001124046793749473,0.3213709874274993,0.004428120075001893,0.024192167954589398,0.0026728771366734466,0.02866455850119262,0.01625630358714638,0.0006836407847013612,0.018389383487607464,0.0017215978724822857,0.00011492692360709623,0.000551277225101792,1.4703117745306425e-05,11.890990426683661,4.874605838946837,0.3998131473533561,0.013662251612241052,2.0972644779922924,29.9234300752135,2.977283852023084,2.841254635956688,0.6040155385403035,2.6100991879208566,0.16264550995611934,7.05836727766696,5.138303852333292,7.629612770963014,1.9664074173909163,1.71152620808884,22.867148666148847,2.4891928040348565,8.947008049824776,0.04652407504594273,2.7643651408241734,1.058517991128923,6.068916915602735,43.416627403147494,9.67014517435981,0.608,1
144.0,13.867397872629546,0.0718890106858024,0.0006110265947476849,0.007755926424513675,0.42269468110543607,1.7475606403230266,7.085496684384198e-05,0.001053813502436501,0.0011240846060431645,0.3410726835477818,0.004893399885909276,0.03130280670860922,0.002009853218827268,0.030593099119385226,0.015969845475190696,0.0006475038444625463,0.02197526253219394,0.0014785559209622983,0.00011685949610557497,0.0005401993908869828,1.375658925117306e-05,14.800956527610898,6.189261412071416,0.2594736400793995,0.012446417653093332,2.1476303655851363,23.85924588093267,4.379456296629069,2.979706835767379,0.6440292403906608,3.268468483946536,0.20459430875181878,7.070061291028226,3.5307373435402774,8.42213198854944,2.2343557298678403,1.8373940614431512,22.672320330099364,2.7541127578043216,7.895997168345129,0.04977820338803494,2.780120940329704,1.074824001020877,5.9242244860064925,56.87887429142292,8.484157505811897,326.3400002795738,14.540980803766134,0.08870422398281554,0.0006144563775932334,0.009229227667441553,0.4047066687240413,1.8899305942195435,5.869520353760205e-05,0.0008625206614627103,0.0011198448385783537,0.3225044032957523,0.004866818819781728,0.034125635039323414,0.0019231934677715035,0.026290392924022125,0.016673605632370265,0.0006669911762427623,0.0236897021337253,0.0016490106953949862,0.0001178315609650198,0.0004899197430370109,1.3547469078262077e-05,12.807119123425613,5.543269515105479,0.2388280504333032,0.014174250256285456,2.052973781853301,23.97596397321865,3.898964787523658,2.4102838322418045,0.7457650414631725,3.6754002253821376,0.20311398713624265,7.015551788715543,4.255554587852418,9.044892510722898,2.2504961433939665,1.4912964676181406,20.634767198416608,3.2658416347540697,8.401036549262265,0.043896105737869784,2.629536465670592,1.2154068732745287,6.045228865866931,60.08081648450826,8.921356322556818,0.608,1
156.0,15.026465080955097,0.07837764796035428,0.0006127868535020162,0.00838140367319261,0.4289889629463195,1.8540373089572348,6.677632175028615e-05,0.0010063506629152548,0.0010487071743734934,0.33673636842449467,0.004910390715793493,0.031254035876051287,0.0018785708601377078,0.030703495782437078,0.015906400934402685,0.0006566070754247148,0.021837418000178136,0.001464814432301958,0.00011698036781735006,0.0004938651445489054,1.3756591880312531e-05,15.545167561742483,6.450176285958359,0.2365750618505297,0.012289157866420913,2.1658267111294385,21.996030215299786,4.88755386314249,3.107354568832537,0.6753793678941796,3.8907380711643427,0.21610678506071085,7.111981813758448,3.2793470735327555,8.463319898772871,2.133312414130652,1.866260708627854,22.904225771695852,2.808277569015631,7.929450506615195,0.05227641358118425,2.663549027018839,1.0426667063783897,5.971561052167615,69.08001490078375,8.037183426853266,333.6360002795739,14.800333288958296,0.07943618949784102,0.0006219389267005176,0.008830630069720924,0.419881190075571,2.039510805232801,6.366541384560771e-05,0.0008873027835160312,0.0008356655284012408,0.2929483462910762,0.004059470044212519,0.028124464912224794,0.001729304677892327,0.03424521563289804,0.015706302992337422,0.0006319262456043445,0.01846919891864187,0.0014439183283120123,0.00011367223866489731,0.0005030904840283189,1.3888674628256863e-05,14.329099739859508,5.550962578310404,0.19814567234154407,0.012005521765390242,2.2342297068084194,21.580551931430332,4.672207459699868,2.7797634100531994,0.7508348961028882,3.7021374363759185,0.17843350555638673,7.807284156311654,3.701157856538586,5.287318372411372,2.448575368801108,2.219110931177749,21.661512003547386,3.2149164499036176,8.014725866863937,0.05193114153955767,2.298005829172081,1.1505793493119185,5.576755830024123,65.8065148748421,8.206977583818176,0.608,1
168.0,16.16528565915879,0.08401309508542179,0.0006135226576482951,0.008928821345455534,0.4347809298425875,1.9732736470459,6.3969242975621e-05,0.0009697015438221177,0.0009895738746423222,0.33239056653088056,0.004916678088964272,0.031214228952249044,0.0017862355982380521,0.03076495258967659,0.01583461617829789,0.0006658892743086634,0.021814047132338057,0.0014579190546016591,0.00011707877911660959,0.0004613404873584877,1.37565936233741e-05,16.259083687858908,6.701097926300517,0.23683890990238662,0.01267346682937176,2.1840787828902077,20.574716376703787,5.384123135628466,3.2189680370577416,0.7058309062946172,4.498203384641497,0.2267964895837727,7.156203276032032,3.161946820610816,8.50889859275802,2.0423460783616405,1.8949436405905609,23.097442118206512,2.8619908003257524,7.963695831428335,0.05491585382391411,2.547460383929802,1.0150923627571204,6.021986319390685,80.58252123104027,7.5973147352029535,340.93200027957363,19.77620608633349,0.0890591636544961,0.0006326217239596925,0.007846878131261236,0.4682111001901632,1.8745085848900442,5.7659551351611994e-05,0.0008916134811878509,0.0010156907661401815,0.31599422200246574,0.004915086706905981,0.030164122884744952,0.0017946596651748383,0.02749451750817185,0.022366199302733012,0.0006334207625138344,0.020209680140155138,0.0013435791028358192,0.00011596900340808007,0.0004752748606010926,1.5365114957891882e-05,20.198089074929285,6.442273284151256,0.25173993615020346,0.013031823022013755,2.1358800988157225,23.257077016820013,5.3350959607731765,2.9503995672957046,0.6869391013022383,4.851606108715604,0.23976129915415662,6.730548187939423,2.8535657031618347,9.896494547354358,1.792020721104365,2.2712838348198003,24.18766902637311,3.2701810249355385,8.119516887472551,0.060031904890462784,1.7117297170456869,0.9804527949043296,6.6590959947680775,76.20820425506894,6.713243603485028,0.608,1
180.0,17.28597393519205,0.08943685091882456,0.000613802520636565,0.00946078740285336,0.43976728876882604,2.1046274830473584,6.160063879221684e-05,0.0009482958136672486,0.0009397699063167064,0.3292108164918135,0.004918183276344286,0.03118951992704875,0.001707891097505134,0.030787739693478425,0.015778656314147124,0.0006752845134993879,0.02181310641334383,0.0014527355463407885,0.00011717045480031212,0.0004341177930003061,1.3756594947741043e-05,16.944154523194385,6.943413944409571,0.24439688639446552,0.013265211696680913,2.202176540881572,19.60381365806441,5.864585953638918,3.317076302796103,0.7363513328334909,5.082446279392567,0.23783915947137912,7.20202580090072,3.0762942432195373,8.55754188821704,1.9598655439354304,1.923199605451752,23.270220288553542,2.9148254868815573,7.998134692800442,0.05777415259120486,2.4393741431669915,0.9914758660714553,6.074503822489056,91.65748805019167,7.169571889022976,348.22800027957356,15.978735150566926,0.08214578035642194,0.0005520535664418761,0.00737995368463774,0.4348714288489063,1.868273828248258,5.722116277292283e-05,0.0010264586839812296,0.0009078751750891019,0.3161766413575879,0.005186855872922538,0.029556095873413953,0.0017809086821411186,0.03112220481708476,0.01438927627037397,0.0006303051791833766,0.020710992058616155,0.0012553394189617451,0.00012054278386679962,0.000462585725209931,1.4059559717577125e-05,18.633969561913208,7.429677777406246,0.22037465284496713,0.012291615149008957,1.647993250978601,21.270074215191283,5.50657154953117,3.3134497050193055,0.7005874711495832,4.387145579224774,0.2557727636841843,6.31461974396481,3.2364915959710525,9.640138773487367,2.1780510471781622,1.869783936096164,21.962429308997603,3.3495425683378914,8.678185109967673,0.06544907464268195,2.5066812378630035,1.1328524889349698,5.817917641464192,91.11608298461702,6.861912050249325,0.608,1
192.0,18.38905050944702,0.09467119104261465,0.0006139015340005794,0.009977007683727026,0.44414185801838885,2.2476069968446972,5.956222938883325e-05,0.0009439164475824976,0.0008976582625872352,0.32751378526543157,0.004917810616970971,0.031172359956791778,0.001640396219774311,0.030779234114732743,0.015752787139739093,0.0006846559531147337,0.0218339915564038,0.001448398726717464,0.00011726170249467562,0.00041117864651181777,1.3756596021745666e-05,17.599966424567313,7.177912875797317,0.25475783118802037,0.013968842994980957,2.2200195416946804,19.062239862836275,6.327988966065374,3.4040281534043286,0.7674894449963858,5.639980827346733,0.2496682268423953,7.249028155950353,3.0075558019671496,8.608470483984295,1.8848090877946175,1.9509175486983912,23.428101400917118,2.9665912692251473,8.032462583262786,0.06089021155675552,2.342751399724113,0.9713675697727187,6.128528938238606,102.39528676046119,6.756629971330391,355.5240002795734,18.7293427491186,0.09069586077134166,0.0005958235111904546,0.009961640008721137,0.48168326037022424,2.0445220141346523,5.187019336892873e-05,0.0009468728736338449,0.0009201229754014517,0.29274833325290645,0.005547701655509144,0.03069060811850979,0.0018147071574778862,0.032164979228308944,0.0158327997964979,0.0007856622314196221,0.02130513859270914,0.001350783468961597,0.00011217262529469041,0.00039323391946147776,1.4159439530554037e-05,14.933816227584472,6.310420666191034,0.2296229421675808,0.013371489896970713,2.105218568820553,21.900494340477977,5.052256285263922,3.6702068288741003,0.7263575508334512,5.996451254592211,0.2535857629563331,6.017992675233895,2.8657083239306202,8.95064915313751,1.6719721079787757,1.9858091050498348,28.036786064567632,2.7317998852502368,7.620830012089469,0.07038536919074913,2.702326678265943,1.1255346564516762,5.419573400774475,102.77327476002759,6.499012328520802,0.608,1
204.0,19.475046323621516,0.09968094814006316,0.0006139288598544303,0.0104726412719891,0.44808727168075557,2.4017433532419172,5.781362874704584e-05,0.0009574047981147207,0.0008622042726675973,0.32737621934344385,0.0049167219264101055,0.031158748779121843,0.001582479608707716,0.030746316114151535,0.0157642887443113,0.0006939529255897147,0.021880828856125824,0.0014447012296047973,0.00011735429983473576,0.000391880450685977,1.3756596919665562e-05,18.22670157943087,7.405166075046279,0.26662282671105275,0.01475970949961211,2.237550667233957,18.925154714978955,6.7738138054105415,3.4818385691402716,0.7996046866972439,6.168564547607966,0.262466549796301,7.296904982092873,2.9515937107735755,8.661133798175927,1.81635087260299,1.9780386684808764,23.573729714509405,3.017190609713808,8.066493072592387,0.06429321382147896,2.2601183887372716,0.9543988048431808,6.183648070774435,112.83486644206724,6.360052994555717,362.8200002795735,16.191675521322757,0.08686202666195338,0.0005818583015223516,0.009925694798537952,0.46001271821504364,2.271086608735056,5.603491426563466e-05,0.0009496868443963449,0.0007745144008370781,0.3826166111645907,0.004900735481480788,0.02861957598515921,0.0017573438249817162,0.030073221939178427,0.015650493476323912,0.000749907916743295,0.024432722119212356,0.0013997703466725722,0.00010631379379188052,0.000367529523883197,1.2897352486300187e-05,15.936990393155158,8.286042295997063,0.26961277550162854,0.013712934143613884,2.134941250567068,16.65579840680887,6.281043717346041,3.6836702794072025,0.8319419021525101,5.49773913377534,0.2552772094785329,6.525665556608195,2.9478966416660803,7.783078835667196,1.8821701616134523,1.8899764152203045,23.08620409490569,3.233248722164237,7.778542576690923,0.06414673533894914,2.669649660616047,0.950801705705705,6.969157391924071,108.18563630703417,7.868217711692983,0.608,1
216.0,20.54455605721172,0.10444803235344738,0.0006139254816455211,0.010945191205845927,0.45172942998791904,2.5666088466642085,5.631673475681463e-05,0.0009888133823139898,0.0008322612337552557,0.3288026519295489,0.004915354957652068,0.031147089582475702,0.0015328105353959673,0.03069689866305361,0.01581371797706656,0.0007031760733619849,0.021953101256104036,0.0014415413094729008,0.00011744734141749736,0.00037563462683514473,1.375659768329662e-05,18.825033921381554,7.625663984096982,0.2796167154040572,0.015635074487483854,2.2547346580424086,19.1670506395983,7.201709157964774,3.552190300786964,0.8329414663058438,6.6669221580302445,0.2763357031864248,7.345412069232279,2.905856208631191,8.715103868249969,1.7538013056167432,2.004530424652823,23.708903455034214,3.06657218474519,8.100100594401617,0.06801206618056205,2.193163579937884,0.9402486232131264,6.239538266263975,123.00011858616642,5.980740600407333,370.1160002795735,17.907566419537975,0.10160628109151137,0.0005838129051045354,0.01217640130949692,0.4380385910834832,2.3617633067328243,6.31037731118248e-05,0.0010295188468242417,0.0009122345809145655,0.3340154631273435,0.005171888507205385,0.028917949052381677,0.0014556484826740912,0.028082025048744283,0.014942857525447464,0.0006744265511492065,0.022247857364769426,0.0013383016563748287,0.00011715976740150895,0.00036449523172055995,1.2768148078076395e-05,19.665843841215526,6.824161339729474,0.2573133069711534,0.014971636751395546,2.6157621046662727,19.155891355979445,7.88646317142971,2.954927461235545,0.7723452576919521,6.446250905062379,0.2662186583223809,6.696788706967144,2.471687418302318,8.682064703829354,2.188594504554988,2.3864850688258845,25.883065770202034,2.610859567898069,9.454524382046973,0.061121122730531115,2.3108258550013434,0.9975248959214164,5.847190477449115,98.20779537634141,7.402551973946805,0.608,1
228.0,21.59817427623346,0.10897967016029711,0.0006139013342740388,0.011395011393337418,0.4551425640846275,2.7418413144263085,5.502807854772187e-05,0.0010374550498922135,0.000806786635027151,0.331772267111101,0.004913837590277148,0.03113687396060427,0.0014899685352776654,0.030639568945972518,0.015896048913783233,0.0007123610125312112,0.02204568046924754,0.0014388279349698185,0.00011753782727888867,0.00036182825250807653,1.375659834000119e-05,19.395863037517902,7.8398621289067965,0.2936497187474772,0.016600136217696747,2.2715496767830925,19.762486560879005,7.611543513706048,3.6164676482154765,0.8676650775443974,7.134710259870198,0.2913532188145118,7.394342850975408,2.8681992421729423,8.770030920377659,1.6965641273893888,2.030376250472513,23.834985393397957,3.1147125345020545,8.133197789560572,0.0720784204605436,2.14270533330276,0.9286282856736562,6.295933354000911,132.91010803343846,5.619135467640554,377.41200027957353,24.629888263878854,0.11097461989628901,0.0005627025091554553,0.012829633244907861,0.5602019760461738,2.2227041281294615,4.28395998824499e-05,0.0010183155653727659,0.0008821523779289375,0.29873164796698426,0.004430147086502909,0.030062908685467567,0.0014497520673930342,0.029431319684715112,0.016293089193674254,0.0006990643943902758,0.022842564567290963,0.0013844822935263428,0.0001030869142737926,0.0003226175303599738,1.3790947483923603e-05,20.82841053093418,8.16147925306686,0.25864373704635724,0.016969356653739304,2.1632273448684396,20.32311645828938,6.31275516899311,3.698571913158781,0.9585539396432611,6.9711877776578905,0.2871759318074429,7.838132292168527,2.8783852963423615,9.554957818763825,1.992096591964517,2.1364239395027544,24.31499343781815,3.350982774174905,8.333353383144745,0.057402005546600895,1.9684237136131062,1.0628695262378685,5.820571154324567,132.0886466683588,5.765332969195185,0.608,1
240.0,22.636442228498318,0.11330311902648812,0.0006138511423483329,0.011824648375835396,0.4583621662000077,2.927160911775968,5.390532681044921e-05,0.0011020181640131745,0.0007848138209292422,0.33625427461805474,0.004912137503306582,0.03112800231867271,0.0014525738170755396,0.03058227961173326,0.016002877525884578,0.0007215625275062646,0.02215090713042887,0.0014364692399192025,0.00011762461788870338,0.0003499170849717267,1.3756598910275769e-05,19.94012466850519,8.048196683695686,0.30872546272335827,0.01766392205642678,2.287982950600447,20.686413094479065,8.003442237007498,3.6757964442183666,0.9038840145252589,7.572392510131018,0.3075925993537973,7.443516909212359,2.836763727401312,8.825620567646933,1.6441135866160614,2.0555702060481864,23.952980788612646,3.161606588096177,8.165723680053153,0.07652801091662655,2.108783935567999,0.9192735489184779,6.352606920715512,142.5820519599473,5.275350211158018,384.70800027957347,20.269991494886046,0.12159478284303646,0.0006712991626009081,0.010689375389130819,0.45629788717283365,2.981721390520178,4.643518956794019e-05,0.0010814062835974195,0.0006886073467709065,0.33939760976902783,0.004683532871906928,0.028706032517627524,0.0013712420267907182,0.03585625924281618,0.015899672503113742,0.0007187283986633835,0.021377453426523203,0.0013326682231437474,0.00011676031704556705,0.0003722959579165449,1.3474387587815418e-05,20.057169521920823,7.537532314053403,0.25445621954539543,0.014825206335914916,1.9097847698134658,23.422615881161278,9.157774571450238,3.4193205965377613,0.9430705630286226,7.149041519515865,0.32034855807987084,6.9465790587820555,3.0994239527909557,8.67999898737348,1.6559986974080902,2.04993284717636,22.77852672003096,3.2433575894626507,7.709394644205208,0.07444740659599526,2.159173450192915,0.8730315442509187,6.080144404493965,171.81893602859083,5.790252992101242,0.608,1
